20
79039
1
0
0
0
0
0
0
0
0
0
0
0
0
0
0
0
0
0
0
0
0
0
0
0
0
0
0
0
0
0
0
0
0
0
0
0
0
0
0
0
0
0
0
0
0
0
0
0
0
0
0
0
0
0
0
0
0
0
0
0
0
0
0
0
0
0
0
0
0
0
0
0
0
0
0
0
2
0
0
0
0
0
0
0
0
0
0
0
0
0
0
0
0
0
0
2
7
2
0
0
0
0
0
0
0
7
7
7
7
7
7
7
7
7
0
0
7
4
0
0
0
0
0
0
0
7
6 20
6 20
6 20
6 20
6 20
6 20
6 20
7
7
7
7
4
0
0
0
0
0
0
0
7
6 20
6 20
6 20
6 20
6 20
6 20
6 20
7
0
0
7
4
0
0
0
0
0
0
0
7
7
7
7
7
7
7
7
7
0
0
7
4
0
0
0
0
0
0
0
7
6 20
6 20
6 20
6 20
6 20
6 20
6 20
7
7
7
7
4
0
0
0
0
0
0
0
7
6 20
6 20
6 20
6 20
6 20
6 20
6 20
7
0
0
7
4
0
0
0
0
0
0
0
7
7
7
7
7
7
7
7
7
0
0
7
4
0
0
0
0
0
0
0
7
6 20
6 20
6 20
6 20
6 20
6 20
6 20
7
0
0
7
4
0
0
0
0
0
0
0
7
6 20
6 20
6 20
6 20
6 20
6 20
6 20
7
7
7
7
4
0
0
0
0
0
0
0
7
7
7
7
7
7
7
7
7
0
0
7
4
0
0
0
0
0
0
0
0
0
0
0
0
0
0
0
0
0
2
7
2
0
0
0
0
0
0
0
0
0
0
0
0
0
0
0
0
0
0
2
0
0
0
0
0
0
0
0
0
0
0
0
0
0
0
0
0
0
0
0
0
0
0
0
0
0
0
0
0
0
0
0
0
0
0
0
0
0
0
0
0
0
0
0
0
0
0
0
0
0
0
0
0
0
0
0
0
0
0
0
0
0
0
0
